800	800	36	-8
800	1800	40	-5
800	2800	41	-3
800	3800	40	-1
800	4800	36	2
1800	800	66	-7
1800	1800	70	-5
1800	2800	71	-3
1800	3800	69	-2
1800	4800	66	1
2800	800	90	-6
2800	1800	93	-4
2800	2800	94	-3
2800	3800	93	-2
2800	4800	90	-1
3800	800	109	-5
3800	1800	112	-4
3800	2800	113	-3
3800	3800	112	-3
3800	4800	109	-1
4800	800	125	-5
4800	1800	127	-4
4800	2800	128	-3
4800	3800	127	-3
4800	4800	124	-1
5800	800	137	-6
5800	1800	139	-4
5800	2800	140	-3
5800	3800	139	-3
5800	4800	137	-1
6800	800	147	-7
6800	1800	149	-5
6800	2800	150	-4
6800	3800	149	-2
6800	4800	147	0
7800	800	156	-9
7800	1800	158	-6
7800	2800	158	-4
7800	3800	158	-1
7800	4800	157	2
6800	800	149	-8
6800	1800	150	-5
6800	2800	151	-3
6800	3800	150	-1
6800	4800	148	2
7800	800	158	-6
7800	1800	159	-4
7800	2800	159	-3
7800	3800	158	-2
7800	4800	157	0
8800	800	163	-5
8800	1800	164	-4
8800	2800	164	-3
8800	3800	164	-2
8800	4800	162	-1
9800	800	166	-4
9800	1800	167	-3
9800	2800	167	-3
9800	3800	166	-3
9800	4800	165	-1
10800	800	167	-4
10800	1800	168	-3
10800	2800	168	-3
10800	3800	167	-3
10800	4800	167	-1
11800	800	168	-4
11800	1800	168	-3
11800	2800	168	-3
11800	3800	168	-2
11800	4800	168	-1
12800	800	170	-5
12800	1800	169	-3
12800	2800	169	-2
12800	3800	169	-1
12800	4800	169	0
13800	800	173	-6
13800	1800	172	-4
13800	2800	172	-2
13800	3800	172	-1
13800	4800	172	2
12800	800	170	-7
12800	1800	170	-4
12800	2800	169	-2
12800	3800	169	0
12800	4800	169	3
13800	800	173	-5
13800	1800	173	-3
13800	2800	172	-2
13800	3800	173	-1
13800	4800	173	1
14800	800	176	-4
14800	1800	175	-3
14800	2800	175	-2
14800	3800	175	-2
14800	4800	176	0
15800	800	178	-3
15800	1800	177	-2
15800	2800	177	-2
15800	3800	177	-2
15800	4800	178	-1
16800	800	182	-3
16800	1800	180	-2
16800	2800	180	-2
16800	3800	180	-2
16800	4800	182	-1
17800	800	188	-3
17800	1800	186	-2
17800	2800	185	-2
17800	3800	186	-2
17800	4800	188	-1
18800	800	196	-4
18800	1800	194	-2
18800	2800	193	-2
18800	3800	194	-1
18800	4800	196	0
19800	800	209	-5
19800	1800	206	-3
19800	2800	205	-2
19800	3800	206	-1
19800	4800	209	2
18800	800	196	-7
18800	1800	194	-4
18800	2800	193	-2
18800	3800	194	0
18800	4800	196	3
19800	800	209	-5
19800	1800	207	-3
19800	2800	206	-2
19800	3800	207	0
19800	4800	209	2
20800	800	224	-4
20800	1800	221	-3
20800	2800	221	-2
20800	3800	222	-1
20800	4800	225	1
21800	800	242	-4
21800	1800	239	-2
21800	2800	238	-2
21800	3800	240	-1
21800	4800	243	0
22800	800	264	-4
22800	1800	261	-2
22800	2800	260	-2
22800	3800	261	-1
22800	4800	265	1
23800	800	291	-5
23800	1800	288	-3
23800	2800	287	-2
23800	3800	288	-1
23800	4800	292	1
24199	800	304	-5
800	4800	36	-1
800	5800	40	2
800	6800	42	4
800	7800	41	6
800	8800	37	9
1800	4800	66	1
1800	5800	70	3
1800	6800	71	4
1800	7800	70	5
1800	8800	67	7
2800	4800	90	2
2800	5800	93	4
2800	6800	95	4
2800	7800	94	5
2800	8800	91	7
3800	4800	109	2
3800	5800	112	4
3800	6800	113	5
3800	7800	112	5
3800	8800	110	6
4800	4800	124	2
4800	5800	127	4
4800	6800	128	5
4800	7800	127	5
4800	8800	125	6
5800	4800	137	2
5800	5800	139	4
5800	6800	140	5
5800	7800	139	5
5800	8800	137	7
6800	4800	147	1
6800	5800	149	3
6800	6800	149	4
6800	7800	149	6
6800	8800	147	8
7800	4800	156	-1
7800	5800	158	2
7800	6800	158	4
7800	7800	158	6
7800	8800	156	9
6800	4800	147	-1
6800	5800	149	2
6800	6800	150	5
6800	7800	149	7
6800	8800	148	10
7800	4800	156	1
7800	5800	158	3
7800	6800	158	5
7800	7800	158	6
7800	8800	157	8
8800	4800	162	2
8800	5800	163	4
8800	6800	164	5
8800	7800	163	5
8800	8800	162	7
9800	4800	165	3
9800	5800	166	4
9800	6800	166	5
9800	7800	166	5
9800	8800	165	6
10800	4800	166	3
10800	5800	167	4
10800	6800	167	4
10800	7800	167	5
10800	8800	167	6
11800	4800	167	2
11800	5800	168	4
11800	6800	168	4
11800	7800	168	5
11800	8800	168	6
12800	4800	169	1
12800	5800	169	3
12800	6800	169	4
12800	7800	169	5
12800	8800	169	7
13800	4800	172	-1
13800	5800	172	2
13800	6800	172	4
13800	7800	172	6
13800	8800	172	8
12800	4800	169	-2
12800	5800	169	2
12800	6800	169	4
12800	7800	169	6
12800	8800	169	9
13800	4800	173	0
13800	5800	172	3
13800	6800	172	4
13800	7800	172	5
13800	8800	173	7
14800	4800	175	2
14800	5800	175	3
14800	6800	174	4
14800	7800	175	4
14800	8800	175	6
15800	4800	178	2
15800	5800	177	4
15800	6800	177	4
15800	7800	177	4
15800	8800	178	5
16800	4800	182	3
16800	5800	180	4
16800	6800	180	4
16800	7800	180	4
16800	8800	182	5
17800	4800	188	2
17800	5800	186	4
17800	6800	185	4
17800	7800	186	4
17800	8800	187	5
18800	4800	196	1
18800	5800	194	3
18800	6800	193	4
18800	7800	194	4
18800	8800	196	6
19800	4800	209	0
19800	5800	206	2
19800	6800	205	4
19800	7800	206	5
19800	8800	209	7
18800	4800	196	-2
18800	5800	194	1
18800	6800	193	4
18800	7800	194	6
18800	8800	196	8
19800	4800	210	0
19800	5800	207	2
19800	6800	206	4
19800	7800	207	5
19800	8800	209	7
20800	4800	225	1
20800	5800	222	3
20800	6800	221	4
20800	7800	221	5
20800	8800	224	6
21800	4800	243	1
21800	5800	240	3
21800	6800	239	4
21800	7800	239	4
21800	8800	242	6
22800	4800	265	1
22800	5800	262	3
22800	6800	260	4
22800	7800	261	5
22800	8800	264	6
23800	4800	293	0
23800	5800	289	3
23800	6800	287	4
23800	7800	288	5
23800	8800	291	7
800	8800	36	5
800	9800	41	8
800	10800	43	10
800	11800	42	12
800	12800	39	14
800	13800	34	18
1800	8800	66	7
1800	9800	70	9
1800	10800	72	10
1800	11800	71	11
1800	12800	68	13
1800	13800	63	16
2800	8800	90	8
2800	9800	93	10
2800	10800	95	10
2800	11800	95	11
2800	12800	92	12
2800	13800	87	14
3800	8800	109	8
3800	9800	112	10
3800	10800	114	10
3800	11800	113	11
3800	12800	111	11
3800	13800	107	14
4800	8800	124	8
4800	9800	127	10
4800	10800	128	10
4800	11800	128	11
4800	12800	126	11
4800	13800	122	14
5800	8800	136	8
5800	9800	139	10
5800	10800	140	10
5800	11800	139	11
5800	12800	137	12
5800	13800	134	15
6800	8800	146	7
6800	9800	148	9
6800	10800	149	10
6800	11800	149	11
6800	12800	147	13
6800	13800	145	16
7800	8800	155	5
7800	9800	157	8
7800	10800	158	10
7800	11800	157	12
7800	12800	156	14
7800	13800	154	18
6800	8800	146	5
6800	9800	148	8
6800	10800	149	10
6800	11800	149	13
6800	12800	148	15
6800	13800	145	20
7800	8800	155	6
7800	9800	157	9
7800	10800	158	11
7800	11800	158	12
7800	12800	157	14
7800	13800	155	17
8800	8800	161	8
8800	9800	163	10
8800	10800	163	11
8800	11800	163	11
8800	12800	163	13
8800	13800	161	16
9800	8800	164	8
9800	9800	165	10
9800	10800	166	11
9800	11800	166	11
9800	12800	166	12
9800	13800	164	14
10800	8800	166	8
10800	9800	167	10
10800	10800	167	10
10800	11800	167	11
10800	12800	167	12
10800	13800	167	14
11800	8800	167	7
11800	9800	168	9
11800	10800	168	10
11800	11800	168	11
11800	12800	168	12
11800	13800	168	15
12800	8800	169	6
12800	9800	169	9
12800	10800	169	10
12800	11800	169	11
12800	12800	170	12
12800	13800	170	16
13800	8800	172	4
13800	9800	172	8
13800	10800	172	10
13800	11800	172	11
13800	12800	173	14
13800	13800	173	18
12800	8800	169	4
12800	9800	169	7
12800	10800	169	9
12800	11800	169	12
12800	12800	169	14
12800	13800	170	19
13800	8800	173	6
13800	9800	172	8
13800	10800	172	10
13800	11800	172	11
13800	12800	173	13
13800	13800	174	16
14800	8800	176	7
14800	9800	175	9
14800	10800	174	10
14800	11800	175	10
14800	12800	175	11
14800	13800	177	14
15800	8800	178	8
15800	9800	177	9
15800	10800	177	10
15800	11800	177	10
15800	12800	178	11
15800	13800	180	13
16800	8800	182	8
16800	9800	181	9
16800	10800	180	10
16800	11800	180	10
16800	12800	182	10
16800	13800	184	13
17800	8800	188	7
17800	9800	186	9
17800	10800	185	9
17800	11800	186	10
17800	12800	187	10
17800	13800	190	13
18800	8800	197	6
18800	9800	194	8
18800	10800	193	9
18800	11800	194	10
18800	12800	196	11
18800	13800	199	14
19800	8800	210	5
19800	9800	207	7
19800	10800	206	9
19800	11800	206	10
19800	12800	208	12
19800	13800	212	16
18800	8800	197	3
18800	9800	195	7
18800	10800	193	9
18800	11800	194	11
18800	12800	195	13
18800	13800	199	17
19800	8800	210	5
19800	9800	207	8
19800	10800	206	9
19800	11800	207	10
19800	12800	209	12
19800	13800	212	16
20800	8800	226	6
20800	9800	222	8
20800	10800	221	9
20800	11800	221	10
20800	12800	224	11
20800	13800	228	14
21800	8800	244	6
21800	9800	240	8
21800	10800	239	9
21800	11800	239	10
21800	12800	242	11
21800	13800	246	14
22800	8800	266	6
22800	9800	262	8
22800	10800	261	9
22800	11800	261	10
22800	12800	264	11
22800	13800	269	14
23800	8800	294	5
23800	9800	289	8
23800	10800	287	9
23800	11800	288	10
23800	12800	291	12
23800	13800	296	15
800	12800	35	8
800	13800	40	12
800	14800	42	14
800	15800	42	16
800	16800	39	18
800	17800	34	22
1800	12800	65	10
1800	13800	69	13
1800	14800	71	14
1800	15800	71	16
1800	16800	69	17
1800	17800	64	20
2800	12800	89	11
2800	13800	93	14
2800	14800	95	15
2800	15800	95	15
2800	16800	93	16
2800	17800	88	19
3800	12800	108	12
3800	13800	112	14
3800	14800	114	15
3800	15800	114	15
3800	16800	112	16
3800	17800	108	18
4800	12800	124	12
4800	13800	127	14
4800	14800	129	15
4800	15800	128	15
4800	16800	127	16
4800	17800	123	19
5800	12800	136	11
5800	13800	139	14
5800	14800	140	15
5800	15800	140	15
5800	16800	139	17
5800	17800	136	19
6800	12800	147	10
6800	13800	149	13
6800	14800	150	15
6800	15800	150	16
6800	16800	149	17
6800	17800	146	21
7800	12800	156	8
7800	13800	158	12
7800	14800	159	14
7800	15800	159	16
7800	16800	158	19
7800	17800	156	23
6800	12800	147	8
6800	13800	150	12
6800	14800	151	14
6800	15800	150	16
6800	16800	149	19
6800	17800	146	22
7800	12800	157	10
7800	13800	158	13
7800	14800	159	15
7800	15800	159	16
7800	16800	158	17
7800	17800	156	21
8800	12800	162	12
8800	13800	164	14
8800	14800	164	15
8800	15800	164	16
8800	16800	163	17
8800	17800	162	19
9800	12800	166	13
9800	13800	167	15
9800	14800	167	15
9800	15800	167	15
9800	16800	166	16
9800	17800	165	19
10800	12800	167	13
10800	13800	168	15
10800	14800	168	15
10800	15800	168	16
10800	16800	168	16
10800	17800	167	18
11800	12800	169	12
11800	13800	169	15
11800	14800	169	15
11800	15800	169	16
11800	16800	169	17
11800	17800	168	19
12800	12800	170	11
12800	13800	170	14
12800	14800	170	15
12800	15800	170	16
12800	16800	170	17
12800	17800	170	20
13800	12800	174	10
13800	13800	173	13
13800	14800	173	15
13800	15800	172	17
13800	16800	173	19
13800	17800	173	22
12800	12800	171	9
12800	13800	170	13
12800	14800	170	15
12800	15800	170	17
12800	16800	170	19
12800	17800	170	23
13800	12800	174	11
13800	13800	174	14
13800	14800	173	15
13800	15800	173	16
13800	16800	173	18
13800	17800	174	21
14800	12800	177	13
14800	13800	176	15
14800	14800	175	16
14800	15800	175	16
14800	16800	176	17
14800	17800	177	19
15800	12800	180	14
15800	13800	178	16
15800	14800	177	16
15800	15800	177	16
15800	16800	178	16
15800	17800	179	18
16800	12800	183	14
16800	13800	181	16
16800	14800	180	16
16800	15800	180	16
16800	16800	181	16
16800	17800	183	18
17800	12800	189	14
17800	13800	187	16
17800	14800	186	16
17800	15800	186	16
17800	16800	187	16
17800	17800	189	18
18800	12800	198	13
18800	13800	195	15
18800	14800	194	16
18800	15800	194	16
18800	16800	195	17
18800	17800	198	20
19800	12800	210	12
19800	13800	207	14
19800	14800	206	16
19800	15800	206	17
19800	16800	207	18
19800	17800	211	21
18800	12800	198	10
18800	13800	195	13
18800	14800	193	16
18800	15800	193	17
18800	16800	195	19
18800	17800	198	23
19800	12800	211	12
19800	13800	208	15
19800	14800	206	16
19800	15800	206	17
19800	16800	208	18
19800	17800	211	21
20800	12800	226	13
20800	13800	222	15
20800	14800	221	16
20800	15800	221	17
20800	16800	222	18
20800	17800	226	20
21800	12800	244	13
21800	13800	240	16
21800	14800	238	16
21800	15800	238	17
21800	16800	240	18
21800	17800	245	20
22800	12800	266	13
22800	13800	262	16
22800	14800	260	16
22800	15800	260	17
22800	16800	262	18
22800	17800	267	20
23800	12800	293	12
23800	13800	289	15
23800	14800	286	16
23800	15800	286	17
23800	16800	289	18
23800	17800	294	21
800	16800	34	15
800	17800	40	19
800	18800	42	22
800	19800	43	23
800	20800	40	25
800	21800	36	29
1800	16800	64	17
1800	17800	69	20
1800	18800	71	22
1800	19800	72	23
1800	20800	70	24
1800	21800	66	27
2800	16800	88	18
2800	17800	93	21
2800	18800	95	22
2800	19800	95	23
2800	20800	93	24
2800	21800	90	26
3800	16800	107	19
3800	17800	111	21
3800	18800	114	22
3800	19800	114	23
3800	20800	112	23
3800	21800	109	25
4800	16800	123	19
4800	17800	126	21
4800	18800	128	22
4800	19800	129	22
4800	20800	127	23
4800	21800	124	25
5800	16800	135	18
5800	17800	138	21
5800	18800	140	22
5800	19800	140	23
5800	20800	139	23
5800	21800	136	26
6800	16800	146	17
6800	17800	148	20
6800	18800	150	22
6800	19800	150	23
6800	20800	149	24
6800	21800	147	27
7800	16800	155	15
7800	17800	157	19
7800	18800	158	21
7800	19800	158	23
7800	20800	158	25
7800	21800	156	29
6800	16800	146	15
6800	17800	149	19
6800	18800	150	21
6800	19800	150	23
6800	20800	149	25
6800	21800	147	29
7800	16800	155	17
7800	17800	157	20
7800	18800	158	22
7800	19800	159	23
7800	20800	158	24
7800	21800	156	27
8800	16800	161	18
8800	17800	163	21
8800	18800	164	22
8800	19800	164	22
8800	20800	163	23
8800	21800	162	25
9800	16800	164	19
9800	17800	165	21
9800	18800	166	22
9800	19800	166	22
9800	20800	166	23
9800	21800	165	25
10800	16800	166	19
10800	17800	167	21
10800	18800	167	22
10800	19800	167	22
10800	20800	167	23
10800	21800	167	24
11800	16800	167	18
11800	17800	168	21
11800	18800	168	22
11800	19800	168	22
11800	20800	168	23
11800	21800	168	25
12800	16800	169	17
12800	17800	169	20
12800	18800	169	21
12800	19800	169	22
12800	20800	169	23
12800	21800	169	26
13800	16800	172	15
13800	17800	172	19
13800	18800	171	21
13800	19800	171	22
13800	20800	172	24
13800	21800	172	28
12800	16800	169	14
12800	17800	169	18
12800	18800	169	21
12800	19800	169	23
12800	20800	169	25
12800	21800	169	28
13800	16800	173	17
13800	17800	172	20
13800	18800	172	21
13800	19800	172	22
13800	20800	172	24
13800	21800	173	26
14800	16800	176	18
14800	17800	175	21
14800	18800	174	22
14800	19800	174	22
14800	20800	175	23
14800	21800	176	25
15800	16800	179	19
15800	17800	177	21
15800	18800	176	22
15800	19800	176	22
15800	20800	177	22
15800	21800	178	24
16800	16800	183	19
16800	17800	181	21
16800	18800	180	22
16800	19800	179	22
16800	20800	180	22
16800	21800	182	23
17800	16800	189	19
17800	17800	186	21
17800	18800	185	22
17800	19800	185	22
17800	20800	186	22
17800	21800	188	24
18800	16800	197	18
18800	17800	194	20
18800	18800	193	21
18800	19800	193	22
18800	20800	194	23
18800	21800	197	25
19800	16800	210	16
19800	17800	207	19
19800	18800	205	21
19800	19800	205	22
19800	20800	206	23
19800	21800	209	26
18800	16800	197	14
18800	17800	194	18
18800	18800	193	21
18800	19800	193	22
18800	20800	194	25
18800	21800	197	28
19800	16800	211	16
19800	17800	207	19
19800	18800	206	21
19800	19800	205	22
19800	20800	207	24
19800	21800	210	26
20800	16800	226	17
20800	17800	222	20
20800	18800	220	21
20800	19800	220	22
20800	20800	222	23
20800	21800	225	25
21800	16800	245	18
21800	17800	240	20
21800	18800	238	21
21800	19800	238	22
21800	20800	240	23
21800	21800	244	25
22800	16800	267	17
22800	17800	262	20
22800	18800	260	21
22800	19800	260	22
22800	20800	262	23
22800	21800	266	25
23800	16800	294	16
23800	17800	289	19
23800	18800	287	21
23800	19800	286	22
23800	20800	289	23
23800	21800	293	26
800	21800	39	23
800	22800	41	25
800	23800	40	27
1800	21800	69	24
1800	22800	70	25
1800	23800	69	26
2800	21800	92	25
2800	22800	94	25
2800	23800	93	26
3800	21800	111	25
3800	22800	112	26
3800	23800	111	26
4800	21800	126	25
4800	22800	127	26
4800	23800	126	26
5800	21800	137	25
5800	22800	138	26
5800	23800	137	26
6800	21800	147	24
6800	22800	148	26
6800	23800	147	27
7800	21800	156	23
7800	22800	157	26
7800	23800	156	28
800	24199	39	28
6800	21800	147	23
6800	22800	148	25
6800	23800	148	28
7800	21800	157	24
7800	22800	157	25
7800	23800	157	27
8800	21800	162	25
8800	22800	162	25
8800	23800	162	26
9800	21800	165	25
9800	22800	165	26
9800	23800	165	26
10800	21800	166	25
10800	22800	166	26
10800	23800	166	26
11800	21800	167	25
11800	22800	167	26
11800	23800	167	26
12800	21800	168	25
12800	22800	168	26
12800	23800	168	27
13800	21800	171	24
13800	22800	171	26
13800	23800	171	28
12800	21800	168	23
12800	22800	168	26
12800	23800	168	28
13800	21800	172	25
13800	22800	172	26
13800	23800	172	27
14800	21800	174	25
14800	22800	174	26
14800	23800	174	26
15800	21800	177	26
15800	22800	176	26
15800	23800	177	26
16800	21800	180	26
16800	22800	180	26
16800	23800	180	26
17800	21800	186	26
17800	22800	185	26
17800	23800	185	26
18800	21800	194	25
18800	22800	193	26
18800	23800	194	26
19800	21800	207	24
19800	22800	206	26
19800	23800	206	27
18800	21800	194	23
18800	22800	193	26
18800	23800	193	28
19800	21800	207	24
19800	22800	206	26
19800	23800	207	27
20800	21800	223	24
20800	22800	222	26
20800	23800	222	27
21800	21800	241	25
21800	22800	240	26
21800	23800	241	27
22800	21800	263	25
22800	22800	262	26
22800	23800	263	27
23800	21800	291	24
23800	22800	289	26
23800	23800	290	27
24199	24199	303	28